00111111111110
00111111111110
00111111111110
00111111111110
00111111111110
00111111111110
00111111111110
00111111111110
00111111111110
00111111111110
00111111111110
00111111111110
00111111111110
00111111111100
00111111111100
00111111111100
00111111111100
00111111111100
00111111111010
00111111111010
00111111111010
00111111111010
00111111111000
00111111111000
00111111111000
00111111110110
00111111110110
00111111110110
00111111110100
00111111110100
00111111110100
00111111110010
00111111110010
00111111110000
00111111110000
00111111101110
00111111101110
00111111101110
00111111101100
00111111101100
00111111101010
00111111101010
00111111101000
00111111100110
00111111100110
00111111100100
00111111100100
00111111100010
00111111100010
00111111100000
00111111011110
00111111011110
00111111011100
00111111011010
00111111011010
00111111011000
00111111010110
00111111010100
00111111010100
00111111010010
00111111010000
00111111001110
00111111001110
00111111001100
00111111001010
00111111001000
00111111000110
00111111000110
00111111000100
00111111000010
00111111000000
00111110111110
00111110111100
00111110111010
00111110111000
00111110110101
00111110110100
00111110110010
00111110110000
00111110101110
00111110101100
00111110101010
00111110101000
00111110100110
00111110100100
00111110100010
00111110100000
00111110011110
00111110011100
00111110011010
00111110011000
00111110010100
00111110010010
00111110010000
00111110001110
00111110001100
00111110001010
00111110000110
00111110000100
00111110000010
00111110000000
00111101111100
00111101111010
00111101111001
00111101110100
00111101110011
00111101110000
00111101101101
00111101101010
00111101101000
00111101100100
00111101100010
00111101011110
00111101011100
00111101011010
00111101010110
00111101010100
00111101010000
00111101001110
00111101001010
00111101001000
00111101000100
00111101000010
00111100111110
00111100111100
00111100111000
00111100110100
00111100110010
00111100101110
00111100101100
00111100101000
00111100100100
00111100100010
00111100011110
00111100011010
00111100011000
00111100010100
00111100010000
00111100001110
00111100001010
00111100000110
00111100000010
00111100000000
00111011111100
00111011111000
00111011110100
00111011110000
00111011101110
00111011101010
00111011100110
00111011100010
00111011011110
00111011011010
00111011010110
00111011010010
00111011010000
00111011001100
00111011001000
00111011000100
00111011000000
00111010111100
00111010111000
00111010110100
00111010110000
00111010101100
00111010101000
00111010100100
00111010100000
00111010011010
00111010010110
00111010010010
00111010001110
00111010001010
00111010000110
00111010000010
00111001111110
00111001111000
00111001110100
00111001110000
00111001101100
00111001101000
00111001100010
00111001011110
00111001011010
00111001010110
00111001010000
00111001001100
00111001001000
00111001000010
00111000111110
00111000111010
00111000110110
00111000110000
00111000101100
00111000100110
00111000100010
00111000011110
00111000011000
00111000010100
00111000001110
00111000001010
00111000000101
00111000000000
00110111111100
00110111110110
00110111110010
00110111101100
00110111101000
00110111100010
00110111011100
00110111011000
00110111010010
00110111001110
00110111001000
00110111000100
00110110111110
00110110111000
00110110110100
00110110101110
00110110101000
00110110100100
00110110011110
00110110011000
00110110010100
00110110001110
00110110001000
00110110000100
00110101111110
00110101111000
00110101110010
00110101101110
00110101101000
00110101100010
00110101011100
00110101010110
00110101010010
00110101001100
00110101000110
00110100111111
00110100111010
00110100110100
00110100101110
00110100101010
00110100100100
00110100011110
00110100011000
00110100010010
00110100001100
00110100000110
00110100000000
00110011111010
00110011110100
00110011101110
00110011101000
00110011100010
00110011011100
00110011010110
00110011010000
00110011001010
00110011000100
00110010111110
00110010110110
00110010110000
00110010101010
00110010100100
00110010011110
00110010011000
00110010010010
00110010001100
00110010000100
00110001111110
00110001111000
00110001110010
00110001101100
00110001100100
00110001011110
00110001011000
00110001010010
00110001001010
00110001000100
00110000111110
00110000111000
00110000110000
00110000101010
00110000100100
00110000011100
00110000010110
00110000010000
00110000001000
00110000000010
00101111111010
00101111110100
00101111101110
00101111100110
00101111100000
00101111011000
00101111010010
00101111001100
00101111000100
00101110111110
00101110110110
00101110110000
00101110101000
00101110100010
00101110011010
00101110010100
00101110001100
00101110000110
00101101111110
00101101111000
00101101110000
00101101101000
00101101100010
00101101011010
00101101010100
00101101001100
00101101000100
00101100111110
00101100110110
00101100101110
00101100101000
00101100100000
00101100011000
00101100010010
00101100001010
00101100000010
00101011111100
00101011110100
00101011101100
00101011100110
00101011011110
00101011010110
00101011001110
00101011001000
00101011000000
00101010111000
00101010110000
00101010101000
00101010100010
00101010011010
00101010010010
00101010001010
00101010000010
00101001111010
00101001110010
00101001101100
00101001100100
00101001011100
00101001010100
00101001001100
00101001000100
00101000111100
00101000110100
00101000101100
00101000100100
00101000011100
00101000010110
00101000001110
00101000000110
00100111111110
00100111110110
00100111101110
00100111100110
00100111011110
00100111010110
00100111001110
00100111000100
00100110111100
00100110110100
00100110101100
00100110100100
00100110011100
00100110010100
00100110001100
00100110000100
00100101111100
00100101110100
00100101101100
00100101100010
00100101011010
00100101010010
00100101001010
00100101000010
00100100111010
00100100110000
00100100101000
00100100100000
00100100011000
00100100010000
00100100001000
00100011111110
00100011110110
00100011101110
00100011100110
00100011011100
00100011010100
00100011001100
00100011000100
00100010111010
00100010110010
00100010101010
00100010100000
00100010011000
00100010010000
00100010000111
00100001111110
00100001110110
00100001101110
00100001100100
00100001011100
00100001010010
00100001001010
00100001000010
00100000111000
00100000110000
00100000101000
00100000011110
00100000010110
00100000001011
00100000000100
00011111111011
00011111110010
00011111101001
00011111100000
00011111011000
00011111001110
00011111000110
00011110111100
00011110110100
00011110101010
00011110100010
00011110011000
00011110010000
00011110000110
00011101111110
00011101110100
00011101101100
00011101100010
00011101011010
00011101010000
00011101001000
00011100111110
00011100110110
00011100101100
00011100100100
00011100011010
00011100010000
00011100001000
00011011111110
00011011110110
00011011101100
00011011100010
00011011011010
00011011010000
00011011001000
00011010111110
00011010110100
00011010101100
00011010100010
00011010011000
00011010010000
00011010000110
00011001111100
00011001110100
00011001101010
00011001100000
00011001011000
00011001001110
00011001000100
00011000111100
00011000110010
00011000101000
00011000100000
00011000010110
00011000001100
00011000000010
00010111111010
00010111110000
00010111100110
00010111011100
00010111010100
00010111001010
00010111000000
00010110110110
00010110101110
00010110100100
00010110011010
00010110010000
00010110000110
00010101111110
00010101110100
00010101101010
00010101100000
00010101010110
00010101001110
00010101000100
00010100111010
00010100110000
00010100100110
00010100011110
00010100010100
00010100001010
00010100000000
00010011110110
00010011101100
00010011100010
00010011011010
00010011010000
00010011000110
00010010111100
00010010110010
00010010101000
00010010011110
00010010010100
00010010001100
00010010000010
00010001111000
00010001101110
00010001100100
00010001011010
00010001010000
00010001000110
00010000111100
00010000110010
00010000101000
00010000011110
00010000010110
00010000001100
00010000000010
00001111111000
00001111101110
00001111100100
00001111011010
00001111010000
00001111000110
00001110111100
00001110110010
00001110101000
00001110011110
00001110010100
00001110001010
00001110000000
00001101110110
00001101101100
00001101100010
00001101011000
00001101001110
00001101000100
00001100111010
00001100110000
00001100100110
00001100011100
00001100010010
00001100001000
00001011111110
00001011110100
00001011101010
00001011100000
00001011010110
00001011001100
00001011000010
00001010111000
00001010101110
00001010100100
00001010011010
00001010010000
00001010000110
00001001111100
00001001110010
00001001101000
00001001011110
00001001010100
00001001001010
00001000111110
00001000110100
00001000101010
00001000100000
00001000010110
00001000001100
00001000000010
00000111111000
00000111101110
00000111100100
00000111011010
00000111010000
00000111000110
00000110111100
00000110110010
00000110100110
00000110011100
00000110010010
00000110001000
00000101111110
00000101110100
00000101101010
00000101100000
00000101010110
00000101001100
00000101000010
00000100111000
00000100101100
00000100100010
00000100011000
00000100001110
00000100000100
00000011111010
00000011110000
00000011100110
00000011011100
00000011010010
00000011001000
00000010111100
00000010110010
00000010101000
00000010011110
00000010010100
00000010001010
00000010000000
00000001110110
00000001101100
00000001100000
00000001010110
00000001001100
00000001000010
00000000111000
00000000101110
00000000100100
00000000011010
00000000010000
00000000000110
