00111111111110
00111111111110
00111111111110
00111111111110
00111111111100
00111111111100
00111111111010
00111111111000
00111111110110
00111111110100
00111111110010
00111111110000
00111111101110
00111111101010
00111111100110
00111111100100
00111111100000
00111111011100
00111111011000
00111111010100
00111111001110
00111111001010
00111111000110
00111111000000
00111110111010
00111110110100
00111110101110
00111110101000
00111110100010
00111110011100
00111110010100
00111110001110
00111110000110
00111110000000
00111101111000
00111101110000
00111101101000
00111101011110
00111101010110
00111101001110
00111101000100
00111100111100
00111100110010
00111100101000
00111100011110
00111100010100
00111100001010
00111100000000
00111011110100
00111011101010
00111011011110
00111011010010
00111011001000
00111010111100
00111010110000
00111010100100
00111010010110
00111010001010
00111001111110
00111001110000
00111001100010
00111001010110
00111001001000
00111000111010
00111000101100
00111000011110
00111000001110
00111000000000
00110111110010
00110111100010
00110111010010
00110111000100
00110110110100
00110110100100
00110110010100
00110110000100
00110101110010
00110101100010
00110101010010
00110101000000
00110100101110
00110100011110
00110100001100
00110011111010
00110011101000
00110011010110
00110011000100
00110010110000
00110010011110
00110010001100
00110001111000
00110001100100
00110001010010
00110000111110
00110000101010
00110000010110
00110000000010
00101111101110
00101111011000
00101111000100
00101110110000
00101110011010
00101110000110
00101101110000
00101101011010
00101101000100
00101100101110
00101100011000
00101100000010
00101011101100
00101011010110
00101011000000
00101010101000
00101010010010
00101001111010
00101001100100
00101001001100
00101000110100
00101000011100
00101000000110
00100111101110
00100111010110
00100110111100
00100110100100
00100110001100
00100101110100
00100101011010
00100101000010
00100100101000
00100100010000
00100011110110
00100011011100
00100011000100
00100010101010
00100010010000
00100001110110
00100001011100
00100001000010
00100000101000
00100000001100
00011111110010
00011111011000
00011110111100
00011110100010
00011110000110
00011101101100
00011101010000
00011100110110
00011100011010
00011011111110
00011011100010
00011011001000
00011010101100
00011010010000
00011001110100
00011001011000
00011000111100
00011000100000
00011000000010
00010111100110
00010111001010
00010110101110
00010110010000
00010101110100
00010101010110
00010100111010
00010100011110
00010100000000
00010011100010
00010011000110
00010010101000
00010010001100
00010001101110
00010001010000
00010000110010
00010000010110
00001111111000
00001111011010
00001110111100
00001110011110
00001110000000
00001101100010
00001101000100
00001100100110
00001100001000
00001011101010
00001011001100
00001010101110
00001010010000
00001001110010
00001001010100
00001000110100
00001000010110
00000111111000
00000111011010
00000110111100
00000110011100
00000101111110
00000101100000
00000101000010
00000100100010
00000100000100
00000011100110
00000011001000
00000010101000
00000010001010
00000001101100
00000001001100
00000000101110
00000000010000
