00111111111110
00111111111110
00111111111110
00111111111110
00111111111110
00111111111110
00111111111100
00111111111100
00111111111100
00111111111010
00111111111010
00111111111000
00111111111000
00111111110110
00111111110100
00111111110010
00111111110010
00111111110000
00111111101110
00111111101100
00111111101010
00111111101000
00111111100110
00111111100010
00111111100000
00111111011110
00111111011100
00111111011000
00111111010110
00111111010010
00111111010000
00111111001100
00111111001010
00111111000110
00111111000010
00111111000000
00111110111100
00111110111000
00111110110100
00111110110000
00111110101100
00111110101000
00111110100100
00111110100000
00111110011010
00111110010110
00111110010010
00111110001100
00111110001000
00111110000010
00111101111110
00111101111000
00111101110100
00111101101110
00111101101000
00111101100100
00111101011110
00111101011000
00111101010010
00111101001100
00111101000110
00111101000000
00111100111010
00111100110100
00111100101110
00111100100110
00111100100000
00111100011010
00111100010010
00111100001100
00111100000100
00111011111110
00111011110110
00111011110000
00111011101000
00111011100000
00111011011000
00111011010000
00111011001010
00111011000010
00111010111010
00111010110010
00111010101010
00111010100010
00111010011000
00111010010000
00111010001000
00111010000000
00111001110110
00111001101110
00111001100110
00111001011100
00111001010100
00111001001010
00111001000000
00111000111000
00111000101110
00111000100100
00111000011010
00111000010010
00111000001000
00110111111110
00110111110100
00110111101010
00110111100000
00110111010110
00110111001010
00110111000000
00110110110110
00110110101100
00110110100000
00110110010110
00110110001100
00110110000000
00110101110110
00110101101010
00110101100000
00110101010100
00110101001000
00110100111110
00110100110010
00110100100110
00110100011010
00110100001110
00110100000010
00110011110110
00110011101010
00110011011110
00110011010010
00110011000110
00110010111010
00110010101110
00110010100010
00110010010100
00110010001000
00110001111100
00110001101110
00110001100010
00110001010100
00110001001000
00110000111010
00110000101110
00110000100000
00110000010010
00110000000110
00101111111000
00101111101010
00101111011100
00101111001110
00101111000000
00101110110010
00101110100100
00101110010110
00101110001000
00101101111010
00101101101100
00101101011110
00101101010000
00101101000010
00101100110010
00101100100100
00101100010110
00101100000110
00101011111000
00101011101000
00101011011010
00101011001010
00101010111100
00101010101100
00101010011110
00101010001110
00101001111110
00101001110000
00101001100000
00101001010000
00101001000000
00101000110000
00101000100000
00101000010010
00101000000010
00100111110010
00100111100010
00100111010010
00100111000000
00100110110000
00100110100000
00100110010000
00100110000000
00100101110000
00100101011110
00100101001110
00100100111110
00100100101100
00100100011100
00100100001100
00100011111010
00100011101010
00100011011000
00100011001000
00100010110110
00100010100110
00100010010100
00100010000010
00100001110010
00100001100000
00100001001110
00100000111110
00100000101100
00100000011010
00100000001000
00011111110110
00011111100100
00011111010100
00011111000010
00011110110000
00011110011110
00011110001100
00011101111010
00011101101000
00011101010110
00011101000100
00011100110000
00011100011110
00011100001100
00011011111010
00011011101000
00011011010110
00011011000010
00011010110000
00011010011110
00011010001010
00011001111000
00011001100110
00011001010010
00011001000000
00011000101110
00011000011010
00011000001000
00010111110100
00010111100010
00010111001110
00010110111100
00010110101000
00010110010110
00010110000010
00010101101110
00010101011100
00010101001000
00010100110110
00010100100010
00010100001110
00010011111100
00010011101000
00010011010100
00010011000000
00010010101110
00010010011010
00010010000110
00010001110010
00010001011110
00010001001100
00010000111000
00010000100100
00010000010000
00001111111100
00001111101000
00001111010100
00001111000000
00001110101110
00001110011010
00001110000110
00001101110010
00001101011110
00001101001010
00001100110110
00001100100010
00001100001110
00001011111010
00001011100110
00001011010010
00001010111110
00001010101000
00001010010100
00001010000000
00001001101100
00001001011000
00001001000100
00001000110000
00001000011100
00001000001000
00000111110100
00000111011110
00000111001010
00000110110110
00000110100010
00000110001110
00000101111010
00000101100100
00000101010000
00000100111100
00000100101000
00000100010100
00000100000000
00000011101010
00000011010110
00000011000010
00000010101110
00000010011010
00000010000100
00000001110000
00000001011100
00000001001000
00000000110100
00000000011110
00000000001010
